5599981131982
5598991126357
5599984192315
558632311466
5586988844415
351962720046
351939762143
351961315337
351932054470
351261950105
351218873972
351213468343
351966557798
351217787597
351920193809
351213424492
351218517206
351213966489
351217143622
351218872856
351213422282
351911044473
351969656737
351218879472
351217966107
351219290903
351214408300
351261950105
351213554242
351213463368
351217276788
351962769597
351263650600
351218489493
351217155005
351213575861
351213464620
351219472378
351217972172
351965086538
351212437707
351219822252
351219291210
351213639167
5598985205116
5598988836625
559832376095
5598970299065
5598981632692
5598991633122
5598984807817
5598985213212
5598985171926
5598981249280
5598970208445
5598981336031
5598981025731
5592994080330
5598991174485
5598983376671
5598991758993
5599985069132
5598981014864
551333796289
559832376095
5599992257118
5599991890688
5598988824736
5511946070010
5599982552427
5599991004737
5598984528757
554532688745
5598987040757
5598981919101
5511932232126
5511958946223
5511965751831
5519996425396
5511986297565
5511943670706
5511947864787
5511994994505
551143566522
5511997098432
351269903016
351212183373
5511978645951
5511966210487
5598981025731
5598981249280
5598983049784
5592994080330
5598989013551
5598987106997
5598991758993
5598983376671
5598988836625
5598991633122
559833017710
5598982950010
5598981249280
559832104503
5598991164400
5598991126357
5598983376671
5598991022778
5598984147939
5598981014864
5598984386184
5598991322875
5598991115376
5598981082133
5598984816997
5598988414990
5598984768702
5598981984360
5598991713003
5598984099566
5598985849847
559832254595
5598999919645
5592994080330
5598991511297
5598999061535
5598992412524
559832562791
559832599084
5598981117917
5598981185900
5598981253311
5598984833847
5598987575696
5598988253466
5598991492150
5598988410609
5598992175036
5598991758993
5598988836625
559821083400
5598991710201
5598988544510
5598983003100
5598981632692
5598991633122
559833017710
5598982950010
5598981014864
5599992257118
5599984239048
5586988976262
559932122723
5586995369536
5598982665201
5598988801916
5598986037710
5598999944447
5598985033830
5513981942598
5513991361506
5598988580360
5598989013448
5598970115080
5598991986590
5586994558761
5511978290425
551230283039
5586995897989
558934652124
5586981047171
5586994132881
5586994132881
5586999495450
5515992011262
5586981047171
5591984696160
5591991751020
5589999194219
5589981158989
5589981177399
5586994091161
5561996939588
5586994511918
5586999432562
558934652124
5586981047171
5586994779026
5586994064952
5589981192141
5589999743485
5586981015615
558934652124
5589999298285
5586981497752
5586999309409
558934652124
5586981047171
5589999155003
5586981686794
5589994380250
5589999341567
5589994368633
5589994187181
558934652124
5586981047171
558934652124
5586981047171
558934652124
5586981047171
5589999359433
5589999173634
5511976974969
5586981047171
5588997319044
5588992556757
558934652124
558934652124
5586994359434
558934652124
5586981047171
5574999765721
558934652124
5511940870600
5511973167781
558632341225
558934652124
558632341225
558934652124
5511939380034
5511981978538
5511941360248
5589999735094
5589999298285
558633431791
558934652124
5586998130653
5586998308803
5586995099532
558934652124
5586988923630
558633037419
558934652124
5589988667993
5586995747432
558934652124
5586981047171
5551996321339
5511947669562
5521992363856
5551995268822
5581989016633
558632201938
5586999224212
551141541032
351910792069
5511942592070
551230276856
5511960313141
558934652124
558532602141
558835831425
558632341225
557133971261
558935831102
558934652124
5586981047171
5589994101878
5589994575653
5586981216972
5589994101878
558633851106
5589994101878
5589994204288
5586981065181
558934652124
551239397001
5511999849783
5512974044413
5586981732675
5535997197659
558934652124
5535988225477
5511930514384
559833017710
558934652124
5598982950010
5589999298285
5586994639523
5511952857614
5511970392043
558633037419
5586999218476
5586999017254
5589999749818
5586981660034
5511998003439
5586981497752
551934811911
558934652124
5586998041606
5586981831687
553190781040
5589981313772
5589981167810
5589981064599
5512992392288
5512997815383
558934652124
5515996069009
558934652124
5586981462169
5586981430512
5571997034470
5589999460382
5519971340911
5519996554424
551938951124
5519991773961
5519982411717
5519997469545
558632341225
5586994480044
5586981801616
5586988758323
558632311466
5586989018667
5586999757394
558633037419
5586999592700
5586988759061
558632205812
558632184168
5586999693361
5586988923630
5586995514845
5586995724741
5586981094603
5586998314940
558630256022
558632185000
558632337373
5586995174257
5586988844415
558632321161
5586981120554
558631420937
5586995304080
5586981047171
5586998493224
5586988371392
551125682475
5586998513071
5586999588929
5588994643094
5511970852968
558934580043
551146777713
5511958310807
18996476248
11995084203
18997980031
18997461237
18996750709
18997031313
1129870166
11994979640
11917114572
11963090689
11932261340
11996568933
11934147201
15997570567
11940721711
19981299104
11940542625
11981199989
1738141140
1936525262
11961433980
1139437311
11994992347
1936523004
11956706883
1936526384
11974626493
19995282517
1138753458
1936522049
11914663286
11940210852
1936527532
11913595538
19993453742
11995631069
1137212924
11987243234
1141622180
11981292101
1141415209
1139195316
19998845306
1126454535
1134722082
11940669327
11956068850
1156353042
11942448152
11959649963
11960644012
1155056811
1135967988
11959507669
11937596574
11952256794
11967981993
1158417323
19981568006
1139834195
19993174749
1147111304
11977324292
11959839401
11986791787
11942950537
11916506997
11948216835
1133688518
11912253475
11943421463
11960218163
11991375144
1132142472
1130446934
11911307275
11930151254
19991333496
1936429310
11949917410
19997381123
19996457532
1931700126
19998624254
1938243196
19996015455
19998188152
19983043571
19988235049
19982043101
1938981967
19981960196
1938243196
1938241943
14998090407
19988312468
11952408560
1932036268
19974048050
19994701054
19983706706
19986087864
19983243112
19999106638
1437652529
19992142312
19989914760
19991486815
1936268862
19994363828
1437651164
11977182438
1934811911
11968675042
19999216896
1934824268
19982765420
19997076269
1934822261
19999608574
11941977528
3190781040
19998247402
1934823232
14998622503
14988346475
14998359251
14998871929
14991397316
14991128779
14996330228
14991167739
14997147574
14991182211
14991629526
14988346475
15997823536
15998494652
17996320883
17992138005
11969249393
16993350149
16974072958
11977322767
11939144278
11953991505
13997994160
11978318052
19998594671
11977103036
11993162555
11994864905
15996183916
11913360421
11917005459
11982725943
1141421412
11914051995
1147075418
1141983878
11991746374
5518996700297
5519997214198
551125591320
5519994908625
5512992392288
551125169901
5518996700297
551832731761
5518996777298
551123022344
5519995411515
5511971532862
5511969328886
5511941351546
5518996700297
5511969223837
5511987168955
5518996880758
5511940466439
5511981463926
5511969328886
5511992702693
5517981233920
5519978193591
5519983569734
5519982601116
5519994910591
5519984325155
551934754999
5519992493042
5519996981976
5519995338561
5519989801382
5519994357013
551936216034
5519991512721
551936484446
5519995103269
5519987360636
5519983411373
5519992264507
5519986085471
5519992997160
5519992561003
5519994863497
5519983198735
5519989584512
5519984458525
5519995823259
5519978298305
5519992316273
5519999009618
5519982044355
5519987623101
5519984541823
5519996084339
5519989696075
551934623294
5519983022443
5519995865226
5519989365544
5519983282241
5519997088241
5519991522740
5519988312468
5519994701054
551934088380
5519991486815
5519998257434
5519991414287
5519993390324
5519989876641
5519998948718
5519999791998
5519998376587
5519995289766
5519983053544
5519971120437
5519998891365
5519988671647
5519988177350
5516997515723
551633921797
5516981694619
5516996221552
5516997529253
5511990215031
5519971549280
5519996907831
551938081310
5519998315096
551938075513
5519997893642
5519983020546
5519993374855
5519997272719
5519998422228
5519997156623
5519999012767
5519997077388
5519988464456
551935661255
5519990168000
5511930622695
5517981233920
5519997857409
5518996487285
5518996596970
5518996738482
5518998006691
5515996246340
5515998329249
5515997035366
5519998791602
5514998665857
5518997775592
5518996845783
5511993904161
5513997994067
5511963706335
5519991030840
5511977172155
5511913595538
5513981942598
5566992601157
551125591320
551129648111
5515997987134
5511961525233
5513988286881
5511987273544
5519993974009
5511961323268
5511977802508
5519997929410
551231081277
5512997508110
5512992033309
5512981165220
5512997823127
5512997352292
551231058826
5512992234486
5512997508110
5512992033309
5512992234486
5515997544118
5515996613017
5515997547842
5515998438642
5515998029565
551142041533
5511950483021
5511993015207
551142044132
5511999584085
5511961816618
5518996777676
5518981470970
5518996262711
5518996302323
5518996382227
5518997435590
5518997520405
5518981597852
5518997088686
5518997521030
5518996222415
5518997233321
5518991218514
5518996383804
5518997105505
5518981959276
5518997489436
5518997781313
5518998064904
551836230223
5518991131996
5518997998794
5515996843275
5515997326229
5515997788567
5515996155101
5515996772255
5515998426765
5515997534846
5515997425413
5515996324666
5515998313884
5515997326229
5515998600444
5515997047026
5515996843275
5515996260050
5519992840560
5515996273499
5515996019214
5515991036863
5514998976301
5514996472121
551125591320
5511978396910
5511940466439
5511947185560
5518997967764
5511999205480
5511993904161
5511952318761
5566992601157
551129648111
5516996222982
5516997831920
5516997254573
5516997755524
5516991114627
5516997615323
5516997933505
551633313100
551633342215
5516997756302
5516981610211
5516981658319
5516996388264
551935413939
5519999274197
551931321460
5519982620431
551935413400
5519996268575
5519984569953
5519999157811
551935414576
5519996165876
5519998078755
551931321398
551935418956
551935449949
5519998046279
5519996820934
5514991471313
5514991645222
5514991052015
5519992540665
5538271383
5519997387424
5519974126817
5519995408808
5519992712069
5519998310407
5511958483729
5519989176349
5519971032179
5519986063831
5511971529383
551938274064
5519991889420
5519997901001
5519996728510
5519971190574
5519997223208
551938271122
5519996767309
551146512523
5511948014344
5511940394325
5511918744931
5511998457794
5511975940715
5511956004872
5511993076629
5511940361834
5511941990787
551146554882
5511940394325
551146554467
5511913047446
5511949559851
5511940730320
551146552517
5511975757254
5511919190889
5511977949823
5511913613965
5511981804909
551137540928
5511947765334
5511994320214
5511992483710
5511978381425
5511953092004
5511975934216
5511972211444
5511940772193
5511963705901
551146512347
5511913366738
5511943181338
5511974976570
5511968639628
5511963321617
5511953015747
5511975369813
5511947121179
5511948551214
5511972540770
5511958875906
5511947388262
5511994476479
5511942639420
5511915175284
5511986325210
5511974502774
5511996870076
551146558434
5511977132061
5511970789071
5511963332824
5511979717836
5511944769332
5511934852669
5511966347489
5511986177987
5511954968682
5511990090327
551125887100
5511954909544
5511955406820
5511996163521
5511954919642
5511995081459
5511951703918
5511958666798
5511988341957
5511951213985
551146543777
5518997978485
5518997291279
5518996696690
5518996762421
5518997538109
5518996764179
5518997716199
5518997107062
5518996896698
5518997779264
5534998295327
5518997910554
5518997585722
5518996610446
5518996067759
5518998256955
5518998220615
5518997470871
5518996127423
5518998134297
5518996820336
5518997977755
5518997882213
5518997052726
5518996419820
5518988283632
5518997085178
5518997741657
5518981039532
551833214555
5518998086891
5518997949339
5511999635000
5511973790583
5511943586061
551124273788
5511911224477
5511949779685
5511910683650
5511976138206
551134022111
55917233090
5511996568933
5511997585852
5511981790695
5511919951112
5511997808596
5511988490380
5511917331967
551124271350
5511933278384
5511943894780
5511910387287
5511942446994
5511989716647
5511973208532
5511982527052
5511983494377
5511934609766
5511966658650
5511981516601
5511947106543
551134020830
5511953685787
5511930576039
551124273788
5511920052996
5511970942224
551144121789
551124270600
5511995295825
5511963389984
5511957697505
5511989018864
5511967114920
5511945214826
551124274777
5511980135563
5511943009826
551134021626
551144141150
5511951869080
5511999185292
5511999157517
5511945710033
5511981047036
5511937509064
551120204550
5511930682510
551144114185
5511998531790
5511963850943
5511983633006
5511942710584
5511933976417
5517991356371
5517992598840
5511950483021
5514998535887
5514998474389
551437324183
5514998775413
5514998634008
5514998525744
5514981375110
551437311003
5514991282828
5514997608787
5514997424497
5514997536576
5514997128753
5514997504448
5514996931576
5514997018335
551437336932
5514998829677
551437322808
5514991784586
5514998355599
5517996740469
5517996650283
5517996747890
5514991055688
5514996402997
5514981128801
5514991757036
5514918358577
5514997342331
5514981384555
5514981339478
5514991464187
551436623147
5511986937693
5514998387690
5514996627692
5514991200106
551436411644
5514997969566
551733216560
5511949469279
5517981395112
5517981175757
5511945191441
5517991682578
5517982041388
5517991664283
551733253806
5517991397065
5511995812472
551141621450
551145521889
5511950150508
5511920814746
551141620582
551142015156
551141685315
5511915922769
5511958135255
5511948250245
551141983878
5511956706883
551141682616
551134948293
5511977343019
5511948018014
5511947942094
5511949438411
5511954403957
551141913335
5513997084177
5511996807610
5511979636707
551141941647
5511995634026
5511945958502
5511932041402
5511985373167
5511958915965
5511930065321
5511964897290
5511940123855
5511967179594
5511974556359
5511955904080
5511910320965
5511945541352
5511964375038
5511918526677
5511947764793
5511986269849
5511932915550
5511940112473
5511983983863
5511978563496
5511932272820
5511949890222
5511994285849
5511998023489
551143034323
5511951463878
5511993899132
5511972636392
5511959187575
5511948483555
5511977424028
5511965284563
5511937463228
5511993881856
5511996106564
5511978690226
5511991398145
5511995490131
5511999901768
5511930875228
5511955716858
5511963385492
5511944604823
5511946027449
5511978343103
5511975788105
5511947612891
5511951161224
5511958732338
5511987400426
5511976234726
5511947275970
5511984334075
5511920114818
5511945520112
5511945388258
5511951688282
5511943000740
5511975164436
5511994517654
5511997829902
5511987199226
5511981292101
5511947029200
5511940278674
5516993128590
5516991254757
5516992231986
5514991222223
551432034603
5514998035857
5514998647363
5514998647363
5514991372366
5514997493135
5514988252952
5514997469115
5514988267837
5514991372702
5514996804044
5514997364390
5514991333084
5514981454390
5514981865758
5514996395585
5514998216025
5514998882976
5514998430736
5514988044005
5514991964144
5514997023074
5514999099796
5514997095254
5514998073765
5514997779202
5514991399569
5514997107505
5514997146798
5514996492762
5514935020473
5514997546374
5514991255704
5514996140888
5514998578724
5514996289990
5514988040926
5514997431539
5514988054060
5514988181025
5519989369262
5514997443106
5514991670158
5514991145528
5511938020177
5514988415389
5514998990477
5514991638117
5514988201090
5514996949077
5514935013529
5514997245720
5514998446363
5514996664135
5514991829976
5514998989101
5514997094439
5514996533804
5514996806500
551435001099
5514999073536
5514991838394
5514991523671
5514988158942
5514996104370
5514991654041
5514998567536
5514996269828
5514998263089
5514988103363
5514998104071
5514981089430
5514997241039
5514998855798
5514996582282
5514997310116
5514988377330
5514982078001
5514991739911
5514997492548
551432454694
5517991030842
551733432040
551730444212
5517991553821
5517992048149
5517992026810
5517992485056
5517992657545
5517996344062
5514996224335
5513997093741
5513997098832
5512996844224
5513997750617
5513981298981
5513997884188
5513997817274
5513996382918
5513991232086
5513996760480
551333163639
5513996043390
551333175944
5513991312519
5513996924865
5513996196322
5513996438624
5513982120453
5513996854173
5511959281739
5513974225811
5511979736187
5513996439481
5513991232086
5513996062492
5513997694499
5513996694753
5513955445829
5513996932796
5513996180700
5513998017714
5513996400912
5513996185524
5513974276930
5511997258537
5513981552140
5513997606069
5513997369459
5511942499997
5513981441674
5513996277465
5511919643950
5513996193680
5513974110733
5511989689143
5513996689947
5513991906453
5513981818670
5513997168909
5513997940273
5513996689947
5513996897358
5513997367536
551333133279
5513996275053
5513996335136
5513996498715
5511985113747
5513981897399
5513997811240
5513996300447
5513996624243
5511930892202
5513991512661
551333199797
5512988201935
5513998005141
5513997812889
5513991070039
5513997838564
5513996843768
5511959554010
551333176148
5513982096999
5543984591943
5513974225811
551333132203
551333131679
5511953011092
551836420961
5518991241634
5518981074074
5518991346373
551938783555
5518997151929
551836446213
5511916126463
5511996686324
5511973856518
5511968562529
5511964904963
5511951735107
5511954729400
5511943723939
5511974710412
5511956578927
5511973189616
5511974311226
551633462186
5516996383447
5514981688938
5514981845277
5515991700905
5515981173841
551533632727
551532631959
551532681672
551532635076
551533168685
5515996689541
5515981196403
5515996616228
551533637980
5515998976527
551533634546
5515997891460
5515991415040
5515991773422
5515996085899
5515991910406
5515996001323
5515991899459
5511948104984
5515991014524
5515997223375
551532633481
5511941455148
5511989251305
5511973687631
5511978546422
5511963770282
5511962747048
5511977823499
5513981253224
5511988768754
5511933879044
5511943529936
5512996519649
5511996731796
5511952189979
551434183868
5511948625776
5514991026183
5513996854173
5513996624243
5513997114846
5512988201935
5514991826195
5513996932796
5514997092951
5514997147776
5511958851610
5514998775327
5514996593707
551438155752
5511958851610
5514997267097
5514996486544
5514998824020
5514997316091
5514998804077
5514999011771
5514996843124
5514981098190
5514996500872
5514982050603
5514997103184
5511986757569
551438821399
5514998057846
551438146757
5514998144181
551438112500
5514997120232
5511982601641
5514996704473
5514998665857
5514999254096
5514996967860
5514997432791
5514999253309
5514998807615
551434401805
5514997429977
5514996454125
5514988039444
5514996588692
551434401072
5514981375110
5514988331341
5514991282828
5514996016495
5511955513248
5511937513541
5511982474637
5511982415027
5511985930513
5511988699430
5511993294186
5511974183788
551134033532
5511966041634
5511920351112
5511956365448
5511932994843
5511955928162
5511912932985
5511911996945
5511943146182
5511942454932
5511915833055
5511943291308
5511999288660
5511974196207
5511973777189
5511998124983
5511910469087
5511913977622
5511939549524
551140325222
5511956054466
551140336966
5511941660987
5511942992376
5511961352829
5511911135141
5511914050019
5511972072552
5511934241718
551146031225
5511941160749
5511932994843
5511999310778
5511973145656
5511977865595
5511932732195
5511910004970
5511945182545
5511954669564
5511967663707
5511974959417
5511933360955
5511956492664
5516993171223
5516996044060
5516991071563
551436531438
5514991885518
5514982293850
5514997092776
5514998483474
551436532273
5514991319682
5515996661314
5515996147961
5515996147961
5515996584403
5515997994401
5519981304760
5518996022625
5511971206067
5511995183373
5511972555455
5511914046401
5511998769170
5512997623393
5512996186504
5512981919053
5512996659798
5512988105359
5512991382673
5512996169924
5512996201916
5512988241943
5512988865426
5512996488578
5512997974549
5512991308311
5512996778536
5512982555631
5512991518685
5512974050384
5512982970279
5512991018284
5512974036189
5512996126882
5512997537858
5512988486254
5512991073651
5512982257057
5512974050384
5512997159340
5512997027923
5512997623393
5512992412526
5512991320883
5512997329435
5512996148928
5512997571119
5512997243758
5512996057504
5512991159820
5512996839973
5512991054700
5512987100110
5512991821797
5519982233722
5519982722718
5511960150815
5511991385113
5511940235038
5511942791247
5511962431642
5511992476490
5511995786276
5511958402717
5511943667308
5511972369547
5511919154787
5511990148966
5511910356753
5511930442951
5511992947089
5511984208087
5511992920663
5511996107387
5511971829763
5511949084361
5511915107775
5511977283546
5511916656386
5511912815511
5511988698962
5511933439328
5511949802456
5511940477534
5511997673481
5511999633857
5511968432801
5511915284950
5511998854460
5511951678745
5511994212194
5512996505655
5511933192939
5511968630867
5511971164133
5511941629453
5511947410188
5511954454239
5511972402418
5511969416531
5511945113361
5511939602305
5511975865791
5511947602573
5511974925606
5511964808332
5511914648818
5511913456171
5511976657070
5511965710343
5511995717117
5511961886110
5511992366947
5511970166226
5511947847950
5511954493933
5511969000316
5511966138354
5511974319748
5511953857614
5511999965650
5511998342188
5511992261586
5511994149473
5511977499965
5511997313161
5511948756430
5511943421463
5511999763445
5511991760875
5511942460046
5511945358620
5511919733030
5511973660833
5511950470484
5511965700616
5511995791508
5511913717170
5511945013981
5511920027563
5511917565846
5511965893471
5511998428554
5511932500783
5511950737197
5511943895028
5511937548841
5511975348540
5511996670783
5511997795175
5511930884763
5511972325413
5511944802093
5511914629612
5511974048318
5511971463924
5511940650534
5511988737883
5511972961674
5511937584935
5511975847677
5511969055667
5511941348639
5513996651605
5513996906536
5513996081565
5513996635413
5513997593298
5513996392567
5513996081565
5513996547191
5513996234409
5513981715577
5513996225613
5513997840146
5516991114097
5516992403414
5541998219288
5516993151313
5519987677094
5519989732008
5519996427585
5519971472720
5519974105624
5519999960298
5519989698912
5519993300933
5519992264035
5519989026794
5519996941547
5519997596717
5519993126830
5519998188492
5519992211815
5519990046806
5519991285258
5519994678738
5519978181325
5519995336992
5519988753886
5519932018890
5519981595242
5519993580109
5519987190273
5519981675155
5519992649079
5519971997091
5519997983705
5511995267918
5511983800857
5511995135851
5511944556906
5511930922069
5511972874255
5511933717983
5511910417981
5511943227516
5511949608718
5511992367051
5511942476327
5511972476055
5511974519623
5511997463234
5511995631114
5511933121272
5511971532180
5511998212706
5511999171944
5511971222591
5511948436393
5511954262739
5511930549620
5511985162692
5511913298564
5511971714111
5511964765301
5511971201248
5511910384579
5511951199008
5511986180093
5511963425121
5511998569745
5512991266501
5512996613545
5512996440807
5512997889688
5512981777463
5512997028231
5512988876365
5512988673951
5512996327747
5511950273808
5512998888384
5512996766475
5512997693968
5512988299509
5512997018128
5512996697358
5512996100216
5512997712376
5512991421370
5512997077861
5512996446844
5512982270192
5514982322127
5514996172620
5513996553753
5513996838604
5513997256558
5513996805593
5511971371029
5512988245418
5512988989591
5518997973573
5518997305592
5518997145937
5518996097340
5518998117299
5518991437382
5518998105390
5518996902328
5518996268975
5518997933375
5518997363790
5514996880615
5514996779256
5514998259698
5514998664029
5514996566759
5515997897266
5515998975300
5515997067129
5515998506896
5515997934021
5515997891598
5515997667732
5515996243090
5515996628062
5515998373616
5515988227344
5515998079134
5515998073591
5515996887325
5515997515619
5515996620476
5519995401976
5519996144383
5519994792867
5519992511061
5519993816281
5519981754622
5519996172342
5519994397193
5512991688072
5512997527186
5512981476711
5512974028061
5512987097480
5518996436060
5512991214992
5518996436060
5512988412380
5512981806237
5511947023569
5518996436060
5512996305957
5512996878548
5512982555231
5512981806237
5512982340543
5514981529854
5512996449178
5511939573761
5512982025280
5512991908912
5512996093136
5512991539177
5512997565813
5512981880905
5512992551462
5512982018245
5512991566001
5512991702132
5512997587967
5512992254159
5512997956323
5511974894352
5512981490938
5511964546050
5511946606704
5519999947503
5512978138281
5512982534756
5512978133269
5512996215993
5512981646126
5512996520053
5512981801537
5512996563240
5512981003103
5512992426459
5512997603092
5512981620256
5512991587730
5511970875132
5512981441907
5512997320644
5512982119590
5512997482384
5512981635785
5512982942505
5512988919122
5512987033232
5512981454459
5512981426386
5512988917453
5512996561432
5512988323949
5512991980079
5512996214994
5512991587730
5512978987247
5512996317828
5512981606271
5512982086438
5512981161556
5512988898758
5512996826470
5512981409767
5512982529316
5512981542165
5513996490168
5511932003991
5511985419250
5511932573080
5511912253475
5511940223677
5511944582345
5511982858628
5511985339259
5511969212211
5511993044737
5511968914445
5511954617897
5511992296527
5511974024170
5511971973993
5511948035532
5511958527785
5511946008796
5511913199707
5511951973386
5511993535280
5511989466218
5511963124748
5511982982797
5511947411392
5511970384327
5511978006125
5511950642710
5511975226103
5511955974137
5511994922004
5511937491629
5511969283192
5511984557364
5511959619129
5511951958172
5511953687430
5511982780277
5511965682356
5511972558559
5511947835820
5511946273136
5511953620331
5511934388040
5511916937996
5511962730906
5511974395169
5511984064125
5511932042650
5511987777849
5511980134589
5511965521240
5511958880876
5511971190547
5511963625968
5511914328993
5511966067172
5511965868291
5511963168804
5511983076178
5511958484230
5511945788143
5511984131858
5511939076305
5511970434803
5511942489117
5511981431740
5511977668595
5511987058132
5511964621671
5511967941397
5511997101170
5511941907782
5511965528362
5511966618225
5511970218255
5511958672392
5511948740072
5519989404409
5516997260958
5517992027348
5517997782384
5517997720415
5517992255945
5517997116440
5517997777779
5517992276989
5517997550476
5517991335256
5517997084882
5517992303873
5517996808703
5517992104040
5517998237267
5517992323071
5517996294559
5514998963409
5511910634747
5512997975074
enviado abaixo
5518997967764
5515998506896
5511992374819
5511993004930
5513997833818
5511969328886
5511952413107
5511998206717
5511977175059
5511915988983
5511986969874
5511987753862
5511946045025
5511933395949
5514997310116
5514997077989
5514996389964
5517991217585
5519971723929
5511997889249
5511963778070
5511954947588
5517997391528
5517991616224
5511976413064
5511947417452
enviado abaixo
5519997488986
5519992497958
5519993932392
5519996080953
5514981196391
5514991026051
5514998746168
5519998097101
5519994519847
5535997673329
5535988040589
5511996237993
5535992674838
5511919992046
5511952318761
5566992601157
5511976419243
5511969328886
5511969328886
5511995446847
5511974359663
5519996921882
enviado abaixo
5582996498915
5582993214989
5511940062098
5511910503952
5511973717489
5511988794610
5511956903130
5511953216612
5511998574855
5511941143513
5511971744734
5511973301048
5511974626493
5511952523008
5511917853092
5511932936855
5511988983552
5511930265566
5511975527844
5511937100765
5511977712141
5511943874253
5511976301402
5511993243128
5511998221807
5511993215985
5511972873040
5511978952124
5511998550502
5511953125953
5511997212367
5511952988024
5511947962152
5511910205975
5511942261992
5511942664454
enviado abaixo
5511944955252
5511953163831
5511943286551
5511956988425
5511966008238
5511947896609
5511954319417
5511940773819
5511984400547
5511943975409
5511940324622
5511998574855
5511998059775
5577981450484
5511932925035
5511980282090
5511940210852
5511999078223
5511996209010
5511910189789
5511950406642
5511910038722
5511942450687
5511911921176
5511937039936
5511916415762
5511955562025
5511947136488
5511995071324
5511945596973
5511955303993
5511941385718
5511968321447
5511963709643
5511916548950
5511914671850
5511978186611
5511964762221
5511933840927
5511977093191
5511964835201
5511913458139
5511943423278
5511916388163
5511980803958
5511934517607
5511945360012
5511933331541
5511941468525
5511910266607
5511941136639
5511986432569
5511947352828
5511940669327
5511912967627
5516994141631
5516993637197
5516991503982
5516993525325
5511910063744
5512981373605
5512935010001
5512992088049
5512991498947
5512992604039
5512991081068
5512991373674
5512983120599
5512996159602
5512981011951
5512981681554
5512992050281
5512991969983
5512981775807
5512992152942
5512988376006
5512997039047
5512988881075
5512982431992
enviado abaixo
5512991163164
5512992597197
5512991022300
5512992605351
5512991012396
5512982069402
5512982013892
5512991202359
5512978144790
5512982961243
5512988085244
5512991723397
5512981413204
5512991884701
5512988630241
5512981120328
5512983128908
5512991208086
5512996394648
5512982703193
5512935009615
5512988585139
5512991119189
5512997323574
5512991849600
5512991450854
5512981314111
5513996255379
5513991257265
5513998037350
5513996135900
5513991080107
5511942866311
abaixo enviado
5513981670180
5513982025939
5513974144312
5513997248267
5513981712353
5592995032668
5513991668227
5513991407579
5513974152251
5513996635425
5513974240200
5513997868939
5513996722787
5513996128966
5513981215317
5513988604196
5513988707748
5513991964627
5513981072050
5513992149756
5513992149756
5513988831249
5513997303068
5513988091885
5513978072444
5513998026530
5512981898771
5512997566559
