551140435403
551143085239
551143082653
551140542402
551140430220
551140512134
551140573486
551140718333
5511944794021
551129880672
551140542997
551140916994
551140922732
551140446013
551140449435
551140541676
551140754328
5511981859921
5511946310342
551140565265
551140441119
5511959362933
551149921234
5511966553472
5511974936154
551140752248
551140922624
551123755696
551140564509
5511966606505
5511949742806
551140662715
551140432159
5511963566546
551126682120
5511961271188
5511981382562
551140715884
5511940041220
551134580431
551140567788
551140448302
5511947549776
5511959548186
551127860732
5511964091840
551140926378
551140667617
551140481712
551140692555
551123754213
551140552461
5511957102711
5511959831179
5511992057685
551140667134
551140482571
551140481385
551140447180
551143082221
5511983295637
551140994649
5511992469730
551123119687
5511952386625
551143087150
5511960201829
551140565994
5511987240964
551140551975
5511979926713
5511957441212
5540551121
5511980674356
551140543214
551140762003
551140771192
551123119340
551140568257
551140433915
551140433600
5511915148527
551140571252
551140561284
5511981537131
551143087079
5511925387442
5511964434726
5511964273363
551140513171
5511967242122
5511986562360
5511987367461
551140918070
5511954109249
5511954461016
5511957137076
551156966000
551143080579
551140481973
551140566753
551140441315
5511933096851
5511932137180
5517996171723
5517996051913
551736941309
551936631792
5519982112466
551936692009
5519981783460
5519981105996
5519981447688
5519983775734
5519984391872
551936631729
5519983169940
5519997983067
5519982482795
5533988334188
5535988154837
5519981154904
5519998635102
5519999431332
5519998544977
551936631396
551936632504
5533988869670
5519981946876
551936638000
5519982846002
5519982342859
5519971799722
5533988113314
5519981623572
5516981537413
5516996329296
5516988364654
5516997118177
551633861457
5516997116206
5516993722231
5516996374252
5516992779571
5516992722937
5516997096726
551633861202
5516991552015
5516981514045
5516997729142
5511997254120
5516994166735
5516997556114
5516988249456
551633843116
5516991274460
5516992534229
551436525982
5514996415094
551436523955
551436551101
5514981488180
5514981603758
551436521416
5514998303910
5514930854402
551436523666
5514981441292
5514996123266
5514991236115
551436526161
5514935008588
551436525150
5514981822115
5514981365348
5514981616922
5514981900998
551436522499
5536521604
5514991763183
5514981100921
5514991524257
5514998225052
5514998391787
5514981598276
551436551999
5514991751858
551436551999
5514981472381
5514981874698
5514981506389
551436529933
5514982021382
5514982227889
5514981356852
5514981817300
5514997744797
5514981773278
551436522989
551436521622
5514981183452
5514981479961
5514991257437
5514982156099
5514998294631
5514998216445
5514981196309
551436551581
5514991859875
5514996511671
5514997840745
5514981030438
5514997578016
5514997329785
551436529191
5514996856067
5514991981585
5514981460789
5514997509026
5514981388371
551436521710
5518998067484
5514981634588
5514981525933
5514981311319
551436525747
5582981562614
5582981644589
5582981740515
551633451747
5516981153363
551934137474
5516997263899
5516982654308
5516981948599
551633452081
5516981411190
556734104455
551633453426
551633452099
556730160405
5516981078152
551621080788
5516981775486
5516981066354
5516996273634
5516997590078
5516982023849
5516982167694
556730385050
556734221618
5516992440759
5516981933838
5516981621582
556730321001
556734219134
556734231807
5516981865951
551838225476
551838223976
551838222530
5518998136336
551838213320
551838214469
5518997539030
5518996506377
551838216426
5518981619528
5518998222264
5518997968374
5518997065969
551838215432
551838213372
551838221032
551838224148
5518996974142
551838213141
5514997422759
551838216444
5518996957995
551821373133
5518996973167
5518996613262
5518981370625
5518996957995
5518997750775
5518997649046
5518998023285
5518997764550
551838231452
5518981370625
5518996767702
5511942825422
551838222396
5518996143423
5518997679703
551838213837
5518996793574
551838211168
5518996479790
5518996604344
551838216700
5518997430693
5518998262993
5518997487524
5518996666267
5518996595272
551838222239
5518997750240
5518997216828
5518998033231
551838216098
5518997436073
5518997528832
5518996730311
5518997447706
5518997140395
5518991661503
5518997657770
551838226567
5518988184705
5518996302013
5518996811945
5518981944484
551838214747
551838222352
5518997535904
5518997271876
5518997772247
5518996912508
5518996731616
5518996846126
5518997481030
551838214801
5518981125040
5518996939608
5518996274142
5518991269114
5518996741874
5518996233423
5518998008181
5518996937441
5518997647854
5518991302260
5518981476106
5518997886865
5518996425523
5518997654413
5518997657319
5518996180602
5518997164631
5518988158976
5518997007830
5518997342522
551838231714
5518997789505
551838214333
5518996624945
5518997781020
551838211070
5518997682006
5518998201020
551432824844
551432822036
5514997444460
5514997157195
5514996590865
5514998303886
5514999087013
5514982337256
551432825231
5514997403141
5514998890371
5514998022894
5514998417539
551432821850
5514997125206
5514996247316
5514998962041
5514997002022
551432821911
5514999046986
5514996648658
5514996533524
5514996855380
551432824958
5514998985334
5514997133374
5514998985334
5514997984106
5514997937726
5514996967598
5514998918554
5514997762835
5514999068559
5514996828379
5514998985366
5514998750869
5514997152759
5514996188617
5514997610388
5514991356856
5514998712334
551639441408
5516992430477
5516981110129
5516981006999
5516991834897
5516996374488
551639441203
551639441284
551639441103
551639443356
5516991862515
5516991671768
5516997107133
551639443120
5516992810640
5516997727257
5516992416544
5516993425431
5516997235582
551639443400
551639441685
5516992757539
5516994572918
5518997994572
5518996567663
5518997080372
551833561130
5518997001511
5511977975602
5518996780168
5518998227272
5518996453897
5518997896317
5518996245431
5518996373897
5518998109750
5518997896317
5518981515428
5518996463209
5518996396053
551833561463
5514996952394
551833561455
551833561502
5517996163201
5512991497527
5517996425113
551735661810
551147851400
551145572763
551145539071
551147811263
5511988682241
551147042478
551147813338
551147816671
5511943782005
551147043678
551143211785
551147042192
5511959020148
551147813881
5511933651313
551147042346
551145570522
551147047390
551147048833
551147042192
551143854385
5511978536293
5511983748600
551152425414
551147041088
551147044481
5511932919064
551145539899
551142415500
55987673420
551147041791
551147782881
5511977798894
5511959397207
551142034899
551147043245
551147811558
5511951629795
551142034734
551142449824
551145570976
551141497462
551147040157
5511958853568
551147042083
5511950859270
5511946455474
551143211532
5511910700494
551147815155
551151160227
5511958729778
5511930308315
5511983873876
5511977886241
551147044399
551145538226
5511912060511
551147047321
551147780620
551142415298
551142033528
5511933405786
5511951989813
5511941557991
5511960397842
551147811711
551155559212
551143852487
551141491017
551147815207
551145570850
5511930215116
551145574633
5511962861745
5511982614563
5511975972733
5511934670987
5511970704823
5519991334461
551141495593
5511913336262
5511964745282
5511930251330
551142419595
5511961832027
5511951070210
551145538199
5511973202205
5511987602549
551147812855
5511911827276
5511992703257
551141426071
551128784254
5511948485342
5511976049009
5511940705387
5511976819938
551146614457
5511943992336
551146622072
5511974871963
551146616687
5511932716983
5511999185840
551146645030
551146633051
5511941959046
5511937248665
5511975616866
5511915970835
5511964067326
5511973850930
5511968081957
5511941253353
5511972679017
5511999154304
5511984171374
5511996034883
551146611343
551146611469
551146638747
5511973179940
5511979551766
5511941429560
5511995636090
5511933871562
5511917294462
551146625987
551146619325
5511956055865
5511937345033
5511999958992
5511974327627
5511911563341
5511973425486
551146633732
5511941814692
5511943002721
5511941930049
5511914276715
5511997974394
5511941042112
5511962394189
5511943511302
5511967636640
5511998307634
5511972276670
5511916776735
5511920406710
5511972954166
5511995746395
551146643556
5511943171712
5511920525256
5511911021223
5511910795757
5511920448642
5511912216261
551146619166
5511968538945
5511973168521
551146621556
5511915528495
551146642179
551146633977
55972690141
551146655130
5511993244061
551146613603
5511973662995
5511934073595
5511961767920
5511997765647
5511997712865
551146645116
5511999179917
551146625606
5511941003410
5511984403090
551151983803
5511972528965
5511950868402
5511910216835
5511999889326
5511930923853
5511967911561
5511996145423
551146611226
5511972000668
5511964172095
5511999634101
5511943404752
5511917317828
5511995236309
5511973298855
5511916431348
5511995924965
5511916258781
5511962225349
5518997031003
5518997023877
5518997377693
551146961338
5518997787018
5519971726259
5519992589934
5519995461536
5519997451146
5519997139217
551938579182
5519996165367
5519996860350
558009480048
5519996453980
5519996786416
551938579140
551938572121
5519981960720
5519982097952
5519999713344
5519971370373
5519993803964
5519982778457
5519997705017
5519997233854
5519996741372
5519981387827
5519997712524
5519971008740
5519998612630
5519996502875
5519971239242
5519997060359
558009480048
5519997563356
5519971212802
5519999617300
5519981803565
5519994683141
5519996936995
5519983248333
5519984478559
5519997571212
5511974184777
5519997502293
551934539696
551938581036
5519998565383
5519998924680
5519997061007
5511911783001
5519996220557
5519981651230
5519997669417
5519999207190
5519999536425
5519999306253
5519999079135
5519997606663
5519987253688
5519999081898
5519992575829
5519999455658
5519992173752
5519998902003
5519984429035
551938129000
5519971640342
5519992580680
5511940695840
5519998418487
5519971219796
5519995393097
5516996019301
5516997763242
5516999634731
551633461489
5516999635925
5516996088139
5516994443945
5516996418370
5516997752100
551633461443
5516997022115
5516982073587
5516993167533
5516997456838
551633461500
5516997979032
5516997178819
5516997481158
555534111618
5516997572423
5516997969322
5516999634970
551633461642
5514996020054
5516981795434
551633461453
5516996380476
5516974053976
5516996434598
551633461480
5516996032788
5516997981857
5516996027010
5516996077588
5516997277368
5516997668176
5516997549498
5516982313043
5516997907494
551633461575
5516997279031
551936614646
551936615503
5519996417089
551936514828
551936516452
551936511871
551936613331
5519998235685
5519991569096
551936612119
5519993556666
551936614178
5519997749979
5519989381340
5519971484087
551936512048
5519996761443
5519999418019
5519996635100
5519986096261
5519991722383
5519994439672
5536512443
5519996803808
5519989125816
551936518214
5519974201651
5519987350055
5519971488585
551936615831
551936513666
551936616732
5519989327294
5519999195086
551936512707
551936515523
551936516155
5519989944214
5519999513165
5519999769447
5519993420598
5519993485853
551936515991
5519995720061
551936515305
551936516924
5519989980298
5519990024600
5519989347018
5519999142669
5519989576195
5519993803542
551936513057
5519989664543
5519999480200
5519971713666
5519997293297
5519997461323
5519991573469
5519996240553
551936611782
5519993570074
5519991430940
5519999595565
5519994609585
5519982606149
5535999303386
551936513937
5519998606368
5519992755225
5519999161405
551936512004
5519991496733
5519989019967
5536515891
5519995249090
5519993776836
551936613543
5519989038673
551936616620
5519993010427
5519991496733
5519995220897
5519989113411
5519982247385
551936614414
5519991789734
5519992463487
551936616455
5519992025007
5536616744
551936511894
5519995286294
5511972204444
5517997046768
5517997579892
5517996546132
5517997158792
5517996182331
5517996771730
5517997221315
55996143322
5517996448959
5517996072084
551738333399
5517997152589
5517996848447
5517996268632
5517996412510
5517996073018
5517996494906
5517996082150
5517981253718
5518997084182
5518996539347
551125445020
351251798034
5518991452061
351291572059
551839991202
5518997214006
5518996783635
5573999310570
5573981486398
557332812374
557332617694
5573998297609
5573999279877
557332612120
557332813899
5573991244133
5573998645759
5573999489157
5573999738079
557332812856
557332620169
5573991303535
5573999156195
5573998539041
5573981278033
5573982299255
5573999333694
5573981576568
5573999818200
5573981731862
5573981955973
5573991948616
5573998586605
5573982103636
5573998620025
5573999954860
5573991400063
557332814938
5573999474550
557332819155
5573998348655
5573998002842
5573981096222
5573998395404
5573998251452
5573981230131
5573981299625
5573982576840
5573998289979
557332811014
5573981478962
557332617335
5573991356385
5573981602881
557332815006
557332819222
5573991145343
5573999697976
5573982575230
557332811834
5573998262442
5573981260659
557332812727
557332617901
5573982104212
557335123710
557332813985
5573982077997
5573981457627
5573999365004
5573999162483
5573999576337
5573982076539
5573981872213
5573981025549
557332815880
5573981841649
5573981315347
557332811508
5573991786474
5573981683093
5573981458836
5573999004535
5573981122077
5573981590963
5573981220947
5573981566929
5573982496743
5573920008899
5573988307228
5573999524935
5573981652008
557330140503
5573982178492
5573982496124
551433822404
5514996903430
551433821185
5514998333280
551433823332
5514996349084
5514991563733
5514996741939
5514997675924
5514996177351
5514996411064
5515997744407
5514996298710
5514997578673
5514997055531
5514998335161
5514998469041
5514998909683
5514999257212
5514997243201
551433823410
5514996716523
5514998552818
5514997964762
5514981150459
5514998482494
5514996635286
5514997644411
5514998596373
5514997674788
5514997823294
5514997880072
5514998973737
5514997845824
5514996729787
5514997594653
5514996209476
551433822121
5514996949502
5514981451951
551433823090
5514998683429
5514998454492
5514996819325
5514996771355
5514998612474
5514998213061
5514997136811
5514997823294
5514997884416
5514997920465
5514996160329
5514998592409
551734425353
551734624641
551734631542
551734621437
551734422091
551734639163
551734623159
551734622437
551734631368
5517997732356
551734622526
5517981565826
5517988325209
551734624343
5517996225888
5517997165852
551734623375
5517991416080
551734425129
5517997235432
5517997551292
5517992008160
551734423483
5517996421018
5517996377016
558007659999
5517996384523
5517997251313
5517981531170
551734621219
5517997123331
5517996031854
5517996270366
5517997462624
551734626812
5517997433026
5517996385662
5517981609918
5517997818073
5517988425580
551734633278
5517996216940
5517996504048
5517988161862
5517997497887
5517997186031
5517996623099
5517997175856
5517997370281
5517996789895
551734424753
551734623800
551737771995
5517992136614
551734421113
551734623548
551734621567
5517996748501
5517996440465
5517996036750
5517996777328
551734424722
551734422466
5517996478577
551734633059
5517981169740
5517996681050
5517997075818
5517997599396
5517996773977
5517997664702
5517996808001
5517996312242
5517991020388
551734626559
5517997787429
5517996816801
551734621016
5517997288266
5517997875685
5517996383231
5517997870320
5517996741369
551734621845
5517996120766
5517992278649
5517996010340
5517996175768
5517996791555
5517997265557
5517935001531
5517981380438
5517981851021
5517992201096
5517981650204
5517996453175
5517988137724
5517996589871
5517991590544
551734423157
5517997253447
5517992273237
5517996274340
5517997446139
5518981978843
551131352794
5511997593857
551155552605
553534351644
351212417310
351916392685
351925181386
5514998705445
5514998988074
551146773924
551146754705
5511972658193
551146101795
551146751528
551146781338
5511966918771
551146753235
5511986801093
5511994937739
551146765691
5511912705808
551146752738
551146766050
551146745510
551146782366
5511981282942
5511969090723
5511993668525
5511964114430
551146742520
5511994409851
551146104060
551146777295
5511939424881
5511941437533
5511983288239
5511943304821
551146750145
5511963459934
5511966257526
5511953419553
551146761020
551146778739
5511931487132
551174963298
5511948240660
5511981115092
5511968634717
5511953323178
5511989132374
551146779712
5511988031291
551146753386
5511976296190
551146758199
551146797210
551146752840
551146787152
5511973695613
5511992163904
5530033838
5511934300712
551146780402
5511987424437
5511981237638
5511985898101
5511996101206
551146758682
5511964558517
5511972880955
551146744266
551146764866
551146796705
5511963888933
558008881955
5511940748570
551146773332
5511988834989
551146799042
5511994860670
5511966029143
5511919519404
5511951385599
5511916349667
5511983462683
5511982236323
5511946854533
551146740668
5511910009483
5511912481425
5511932763038
5511996871858
551146788512
551146781271
5511996740212
5511953508529
551146762763
5511968965439
551146767578
5511961858488
5511933299602
551146795702
551146797227
5511960693549
551122274430
5511949900770
551146763720
551146752166
5511963900394
5511987432616
5516999641836
551632581443
551632581090
5516997507073
5516996399267
5516997901305
5516996175195
5516997156618