5511961956085
5511951739995
5511970540975
5511910960532
5511986523772
5511919282343
5511998895303
5511983574409
5511967130748
5511930542557
5511970842921
5511993722096
5511964735786
5511984817919
5511952637726
5511931434370
5511976988430
5511940304666
5511933124883
5511930993390
5511978453564
5511956592350
5511950303573
5511970767051
5511996826985
5511984115029
5511973391740
5511942830046
5511977661354
5511954386406
5511959564202
5511954221124
5511986259494
5511967198167
5511961417189
5511966206936
5511993944058
5511976732102
5511947624157
5511987056484
5511910833970
551174681969
5511930397182
5511957231764
5511988073516
5511941696991
5511992140249
5511964592971
5511981385148
5511984860741
5511980687814
5511958541874
5511970833610
5511983335046
5511991414517
5511987386094
5511982668073
5511984880067
5511947509527
5511960217238
5511915520386
5511998965156
5511992553435
5511947432636
5516997792362
5511959003456
5513988386962
5511986487843
5511946878590
5511993029592
5511959567141
5511978394702
5511984140910
5511989811307
5511978547414
5511999382242
5511983219458
5511958227951
5511950299050
5511972302797
5511939311727
5511974785548
5511942562017
5511977346205
5511957578802
5511996791656
5511981318147
5511965684921
5511968726350
5511980465151
5511983992877
5513997239797
5511999901768
5511973018788
5511976302996
5511991752170
553287041675
555591773409
5511940089615
556993666424
5511973191913
5511958799125
5511947197553
5511968290903
5511949163073
5511934928678
5511959143711
5511948207151
556696183492
5511985436891
5511939054610
5511981586654
5511965414605
5511968463883
5511949928229
5511985112433
5511981034386
5511974676017
5511971019872
5511945289621
5511943733261
5511947703520
5511954556929
5511961267791
5511957896367
5511994426260
5511978319229
5511988615196
5511957792012
5511959407412
5511989418253
5511948657529
5511973069137
5511986110796
557193926892
5511986337041
5511969063296
5511957208126
557598535569
5511962981556
5511958046586
5511913352151
5511951394743
5511980264635
5511988608541
5511949877630
5511954477507
5511959424466
5511968128938
5511958161460
5511960607038
5511993416761
5514997120750
5511991806912
5511961926203
5511951493832
5511984942426
5511970768501
5511960866644
5511960667591
5511995971298
5511981341018
5511919460820
5511966178978
5511997372146
5511972098528
5511952399366
5511966684898
5511948198501
5511945647375
5511952794151
5511947801374
5511940842755
5511980849467
5511961421692
5511985888939
5511987279092
5511957229141
5511945749884
5511947319076
5511965758755
5511979938019
5511956184601
5511939207119
5511949661657
5511979666161
5511965677213
5511949081019
5511980970413
5511947547684
5511969793748
5511976143322
5511946860778
5511975833668
5511974390123
5511961952202
5511946319596
5511968913614
5511948357294
5511996912500
5511999910621
5511973909284
5511944428699
5511947336623
5511953684356
5511913433614
5511939512119
5511993954712
5511981620286
5511932091043
5511947861530
5511946999697
5511949882257
5511951581185
5511932738156
5511944992581
5511987176622
5511987415078
5511967318439
5511992703372
5511956371898
5511948537858
5511972140714
5511951232624
5511965348048
5511981809918
5511951306020
5511943870564
5511962180157
5511968326936
5511942028140
5511976013360
5511951069563
5511976212763
5511982743813
5511956309156
5511971510060
5511999455838
5511995112336
5511974199763
5511987982740
5511931514105
5511981030171
5511945303341
5511958333029
5511947638708
5511973874122
5511984776662
5511986449190
5511972770203
5511960812615
5511982181213
5511984312683
5511962842122
5511992492130
5511932248728
5511957300235
5511980847514
5511945869662
5511996312206
5511940816637
5511967508166
5511962004928
5511941318298
5511965071946
5511968257265
5511940316111
5511914805277
5511940356111
5511988930918
5511939325589
5511961263293
5511965764255
5511972866217
5511962996427
5511953304906
5511954698636
5511982901681
5511982332341
5511973999649
5511943004493
5511992224459
5511912695449
5511999795020
5511994020003
5511985011748
5511979997726
5511954147543
5511955586032
5511977707980
558391069579
5511973752128
5514998367326
5511992736109
5511951594267
5511968946936
5511949225358
5511982042224
5511946148126
5511985615108
5511948569773
5511988553137
5511934957473
553388399357
5511992392427
5511984551989
5511967680026
5511981054327
5511987117196
5511954632115
5511952161994
5511970468597
5511947543193
5511970127943
5511947236700
5511963985752
5511975591645
5511984405375
5511982359880
5511999826443
5511946643975
5511970856275
5511911087927
5511947009234
5511974786961
557598387641
5511972175653
5511999902542
5511995175832
5511962338372
5511934959922
5511991583360
5511947238362
5511965904738
5511994550322
5511985248654
5511930611621
5511987771077
5511974884004
5512991597247
5511911015378
5511983679040
5511958523557
5511974821395
5511991817752
5511997305116
5511991776556
5511985224706
5511995002927
5511956616051
5511999551305
5511969697990
5511979582246
5511961274213
5511996212277
5511966585117
5511975278063
5511984163657
5511993724097
5511948105677
5511991737275
5511957329355
5511999900026
5511973676402
5511945952370
5511939461266
5511968260089
5511974376689
5511947918105
5511991425451
5511986398996
5511995120030
5511916241568
5511952985262
5511949475241
5511963082844
5511995252455
5511997479697
5511992334611
5511953040697
5511984364727
5511981686359
5515991491095
5511946010396
5511965029760
5511963042726
5511981515924
5511981520297
5511914438842
5511986253872
5511986965999
5511968383246
5511951343796
5511973445690
5511984203306
5511949624812
5511968266211
5511974738355
5511981100867
558396573910
5511983227045
5511975905493
5511982130411
5511982550439
5511984256168
5511987282962
5511983456007
5511956100989
5511984636504
5511981177983
5511999845472
5511972573088
5511949171024
5511996055936
5511981558189
5511989435193
5511961567879
5511999214451
5511947337399
5511994096070
5511953222114
5511977628231
5511991812899
5511991535329
5511958889523
5511983207252
5511997563099
5511930319233
5511986136752
5511967471000
5511963199851
5511981061686
5511937764733
558698584304
5511964215918
5511995212814
5511991451631
5511944454018
5511934061600
5511992991492
5511976283851
5511967442020
5511994712843
5511977841175
5511972346415
5511974017069
5511947826116
5511941150946
5516994082176
5511963309011
5511995367165
5511960861560
5511959474855
5511996586227
5511965513038
5511998719332
5511950290566
5511963283561
5511973298209
5511958435767
5511962562536
5511970774797
558197183124
5511971663241
5511998092508
5511941364869
5511978915576
5511952490608
5511967437721
557193117877
5511940709477
5511931501927
5511934842606
5511987943688
5511965150822
5511987926742
5511940718148
5511974311870
5511997647390
5511943221864
5511987495202
5511986822028
558681428005
5511952934894
5511984478481
5511983076542
5511948397435
558681863919
5511967091643
5511966202873
5511953347497
5511963810554
5511959914061
5511960444480
5511977561369
5511917521972
5511957202589
5511967030445
5511957246375
5511983466219
5511965430467
5511954882699
5511999584227
5511984660843
5511997856047
5511947919819
5511940420994
5511959243861
5511984363374
5511915393668
5511960700738
5511987427488
5511963635733
5511984767563
5511917529241
5511997943763
5511940237873
5511982560401
5511978552933
5511952430909
5511986237134
5511947392430
5511982437843
5511981657368
5511986532305
5511987562180
5511983879284
5511971618165
5511957870566
5511954760061
5511959922062
5511956527921
5511970196734
5511970363819
5511962585511
559984532069
5511947926936
5511934950710
5511998666251
5511983319718
5511910109826
5511987632986
5511997844234
5511963461904
5511988161531
5511995160751
5511932981476
5511983840822
5511963798402
5511984676340
5518991470516
5511995413543
5511987586024
5516997672458
5511972591746
5511968619884
5511941174610
5511981671841
5511988219999
5511987319181
5511977393508
5511919476311
5511953067455
5511986468648
5511959803984
5511960928201
5511989508999
5511996117962
5511940215635
5518997154443
5511964312811
5511948713601
5511998536008
5511992533739
5511971033150
5511973183399
5511957254109
5511987285825
5511972602564
5511989354398
5511959872917
5511977082134
5511993404327
5511942536351
5511972890707
5511987009142
5511947191676
5511960791494
553284842920
5511941379499
5511948971657
557182703943
5511934850417
5511985304392
5511976141217
5511969938410
5511997744598
5511963408267
5511956509815
5511949248562
5511967837996
5511948639086
5511968952884
5511987093720
5511981344198
5511998120618
5511989992512
5511988753830
5511961399143
5511969150274
557588000365
5511917031655
5511991686439
5511962701272
5511994321223
5511940163612
5511995349964
5511967805131
5511941348519
5511991730215
5511967591671
5511917638638
5511943585334
5511997802938
5511972790887
5511967989779
5511989369194
5511959753757
5511977087003
5511981706850
5511940251609
5511911032838
5511976292640
5511958903118
5511974631235
553299491582
5511962801475
5511984613979
5511983108750
5511971059867
5511960500548
5511957090554
5511999216604
5511974943562
5511956830746
5511951073390
5511950354935
5511995054642
5511986612656
5511973888300
5511951470421
5511997903768
5511998253442
5511984798197
5511952222049
5519981690296
5511974227662
5511976199855
5511934671234
557591414718
5511988959293
5511979976235
5511994722092
5511965648908
5511992129109
5511985288621
5511932003126
5511981564904
5511946206033
5511941814113
5511943410782
557582153172
5511981986694
5511975630772
5511993791562
5511963334091
5511912643438
5511963150190
5511973113715
5511999203399
558994564986
5511978596963
5511973060025
5511973722419
5511973051602
5511959551550
5511993214353
5511960838894
5511996929645
5511915023839
5511951619747
5511977548995
5511971852724
5511996770726
5511952429511
5511944925740
5511959161186
5511940062967
5511950333258
5511963956135
5511962729677
5511967589757
5511954383788
5511953730160
5511961855767
5511970870890
5511992005414
5511945361584
5511970870890
5511992005414
5511945361584
5511978326815
5511912130093
5511940028027
5511982809161
5511965024391
5511997655104
5511957779666
5511913488661
5511993790004
5511910895005
5511968988172
5511941982926
5511952745193
5511975587611
5511940316324
5511961214694
5511961484759
5511965709807
5511962158743
5511987717448
5511978260773
5511968989032
5511999805899
5511949053663
5511966016353
5511964182156
5511980250863
558198153792
5511945112972
5511946613352
5511990157077
5511981535957
5511985488046
5511970365988
5511981826494
5511988398004
5511954010796
5511959398817
5511942102826
5511978323688
5511998088449
5511987028365
5511944921620
5511979783970
5511985013002
5511972190359
5511984160120
5511986564572
5511978208744
5511966364850
5511982284138
5511990164836
5511962084428
5511988791893
5511967086286
5511953723119
5511993148595
5511994868548
5511973897424
5511976241650
5511975724934
5511939517968
5511953239852
5511975333497
5511959482255
5511986544544
5511942248081
5511916896493
5511937168600
5511959600753
5511958167485
5511962160641
5511971111724
5511940262583
5511994345615
5511970617485
5511984827732
5511962442106
5511973649182
5511942660975
5511940261205
5511971605398
5511991038219
5511992100065
5511962095430
5511951329451
5519991613875
5511962378433
5511945333633
5511967999465
5511972403865
5511991266228
5511983635387
5511968893370
5511970510713
5511973446085
5511958459234
5511975537667
5511941173577
5511949358999
5511948602605
5511972129734
5511999246941
5511994998972
5511969067895
5511958193527
5511999941993
5511950899539
5511963626484
5511945170104
5511964957092
5511942433933
5511987671783
558381061838